0.000000000000000000e+00 0.000000000000000000e+00 9.575361671052520229e-01
2.000000000000000042e-03 9.875206716160866429e-05 9.575316274648593140e-01
4.000000000000000083e-03 3.842206242742557745e-04 9.575186323622775220e-01
6.000000000000000125e-03 8.279567235177620046e-04 9.574988215381703416e-01
8.000000000000000167e-03 1.393252454413904280e-03 9.574742973620643527e-01
1.000000000000000021e-02 2.045091322247107653e-03 9.574470502136459560e-01
1.200000000000000025e-02 2.756892827733780759e-03 9.574185891416113758e-01
1.400000000000000029e-02 3.513196835543262730e-03 9.573898220293068917e-01
1.600000000000000033e-02 4.309437002574085206e-03 9.573611034264026820e-01
1.800000000000000211e-02 5.150351434508448380e-03 9.573323475382675696e-01
2.000000000000000042e-02 6.048059672699365556e-03 9.573031439927888187e-01
2.199999999999999872e-02 7.020178315220479241e-03 9.572728612109380197e-01
2.400000000000000050e-02 8.087913804324293326e-03 9.572407513466987261e-01
2.600000000000000228e-02 9.273915731201469795e-03 9.572060789250544932e-01
2.800000000000000058e-02 1.059975034924530088e-02 9.571682869678406202e-01
2.999999999999999889e-02 1.208309453176708605e-02 9.571271944318233693e-01
3.200000000000000067e-02 1.373505861386749814e-02 9.570831930600697257e-01
3.400000000000000244e-02 1.555827858165624925e-02 9.570373903598001775e-01
3.600000000000000422e-02 1.754641783972019087e-02 9.569916423285517171e-01
3.799999999999999906e-02 1.968541261647837118e-02 9.569484449508451895e-01
4.000000000000000083e-02 2.195627679456244388e-02 9.569107025660311683e-01
4.200000000000000261e-02 2.433879172176943786e-02 9.568814409307613289e-01
4.399999999999999745e-02 2.681518463676021286e-02 9.568635551574469211e-01
4.599999999999999922e-02 2.937302569198748173e-02 9.568596658365809970e-01
4.800000000000000100e-02 3.200693145994167044e-02 9.568721136098983227e-01
5.000000000000000278e-02 3.471904593245327131e-02 9.569030791207451259e-01
5.200000000000000455e-02 3.751852317880241539e-02 9.569547904686764861e-01
5.399999999999999939e-02 4.042031999658983465e-02 9.570297763783059963e-01
5.600000000000000117e-02 4.344357275796179724e-02 9.571311308387482342e-01
5.800000000000000294e-02 4.660975786299813989e-02 9.572627628291824342e-01
5.999999999999999778e-02 4.994077683281382407e-02 9.574296068228463907e-01
6.199999999999999956e-02 5.345708605336170482e-02 9.576377662568439364e-01
6.400000000000000133e-02 5.717599929656195373e-02 9.578945576564453779e-01
6.600000000000000311e-02 6.111030708649321103e-02 9.582084236456757109e-01
6.800000000000000488e-02 6.526736062495779034e-02 9.585886936514038670e-01
7.000000000000000666e-02 6.964874742699661558e-02 9.590451936712843795e-01
7.200000000000000844e-02 7.425063655103228411e-02 9.595877385288219541e-01
7.399999999999999634e-02 7.906479351443393422e-02 9.602255738208664848e-01
7.599999999999999811e-02 8.408016516122578110e-02 9.609668579720680448e-01
7.799999999999999989e-02 8.928483070379998610e-02 9.618182745806888034e-01
8.000000000000000167e-02 9.466803638319978842e-02 9.627848349207962508e-01
8.200000000000000344e-02 1.002220081678548425e-01 9.638698756473662588e-01
8.400000000000000522e-02 1.059432839441826896e-01 9.650751951485549984e-01
8.600000000000000699e-02 1.118334116514569376e-01 9.664012253653400109e-01
8.799999999999999489e-02 1.178989887192361252e-01 9.678471193137857531e-01
8.999999999999999667e-02 1.241511312998699740e-01 9.694106496096388526e-01
9.199999999999999845e-02 1.306045307603585781e-01 9.710878500520688794e-01
9.400000000000000022e-02 1.372762712863222212e-01 9.728723765417869318e-01
9.600000000000000200e-02 1.441845568585341797e-01 9.747546046495841887e-01
9.800000000000000377e-02 1.513474501820826490e-01 9.767205158478204918e-01
1.000000000000000056e-01 1.587816837295796535e-01 9.787504561411159987e-01
1.020000000000000073e-01 1.665015799948624808e-01 9.808178848535522576e-01
1.040000000000000091e-01 1.745181181849035923e-01 9.828882690504008313e-01
1.059999999999999970e-01 1.828381997548280402e-01 9.849183139639049456e-01
1.079999999999999988e-01 1.914641801408185628e-01 9.868557374043704922e-01
1.100000000000000006e-01 2.003937336010524761e-01 9.886397791653571687e-01
1.120000000000000023e-01 2.096200940080153730e-01 9.902025734633580489e-01
1.140000000000000041e-01 2.191326689836518571e-01 9.914714064777740976e-01
1.160000000000000059e-01 2.289179697590151830e-01 9.923717527071711508e-01
1.180000000000000077e-01 2.389607504197326926e-01 9.928308661000674329e-01
1.199999999999999956e-01 2.492452204426731377e-01 9.927816278296393016e-01
1.219999999999999973e-01 2.597561880702269344e-01 9.921663424119291363e-01
1.239999999999999991e-01 2.704800053531559167e-01 9.909402279196353192e-01
1.260000000000000009e-01 2.814052116053996633e-01 9.890744456242093197e-01
1.280000000000000027e-01 2.925228053249660509e-01 9.865586279588137719e-01
1.300000000000000044e-01 3.038261139236024810e-01 9.834029548480566207e-01
1.320000000000000062e-01 3.153102761032700596e-01 9.796398644708150805e-01
1.340000000000000080e-01 3.269714017817866303e-01 9.753254456402802308e-01
1.360000000000000098e-01 3.388055239399169749e-01 9.705404469736758077e-01
1.380000000000000115e-01 3.508074976779068099e-01 9.653906808363418302e-01
1.400000000000000133e-01 3.629700255564259903e-01 9.600064491994263483e-01
1.420000000000000151e-01 3.752829878498908367e-01 9.545405380671211359e-01
1.440000000000000169e-01 3.877332274385565936e-01 9.491643748325646612e-01
1.459999999999999909e-01 4.003048818944358600e-01 9.440621474148758185e-01
1.479999999999999927e-01 4.129802756190470436e-01 9.394230244013348496e-01
1.499999999999999944e-01 4.257412945433657336e-01 9.354320139333316408e-01
1.519999999999999962e-01 4.385710813422978860e-01 9.322603368794042389e-01
1.539999999999999980e-01 4.514558277393906360e-01 9.300563459327712001e-01
1.559999999999999998e-01 4.643864156804832222e-01 9.289379230460015346e-01
1.580000000000000016e-01 4.773596760922789728e-01 9.289869431835868774e-01
1.600000000000000033e-01 4.903790874411139700e-01 9.302458995881199844e-01
1.620000000000000051e-01 5.034548121243712648e-01 9.327162940213225006e-01
1.640000000000000069e-01 5.166030479270871112e-01 9.363580518781886575e-01
1.660000000000000087e-01 5.298447370131316170e-01 9.410891236145464411e-01
1.680000000000000104e-01 5.432037165712605420e-01 9.467846076872881156e-01
1.700000000000000122e-01 5.567044148147893834e-01 9.532751444783880146e-01
1.720000000000000140e-01 5.703692056396039156e-01 9.603449198154022648e-01
1.740000000000000158e-01 5.842155528748558257e-01 9.677302955974489418e-01
1.759999999999999898e-01 5.982531171503030487e-01 9.751207377415407329e-01
1.779999999999999916e-01 6.124810709897473560e-01 9.821641605526681973e-01
1.799999999999999933e-01 6.268859581201378095e-01 9.884787950999073258e-01
1.819999999999999951e-01 6.414405054004500562e-01 9.936729308590914744e-01
1.839999999999999969e-01 6.561037965024167917e-01 9.973722146113785936e-01
1.859999999999999987e-01 6.708230935665114858e-01 9.992518161457115689e-01
1.880000000000000004e-01 6.855373286237357311e-01 9.990683970279249371e-01
1.900000000000000022e-01 7.001819263585671305e-01 9.966855252136537224e-01
1.920000000000000040e-01 7.146942749554175967e-01 9.920868805111318078e-01
1.940000000000000058e-01 7.290189671142133232e-01 9.853743896670986713e-01
1.960000000000000075e-01 7.431119773116368066e-01 9.767523315639323744e-01
1.980000000000000093e-01 7.569432128524555825e-01 9.665018659443502802e-01
2.000000000000000111e-01 7.704972680042692090e-01 9.549520703176089809e-01
2.020000000000000129e-01 7.837725786102031078e-01 9.424531081273493927e-01
2.040000000000000147e-01 7.967794107025588657e-01 9.293552467696832853e-01
2.060000000000000164e-01 8.095371875013265273e-01 9.159951401423799267e-01
2.080000000000000182e-01 8.220715992077576306e-01 9.026889202494032816e-01
2.099999999999999922e-01 8.344118163349294459e-01 8.897305563807246243e-01
2.119999999999999940e-01 8.465880050012677405e-01 8.773935805657970821e-01
2.139999999999999958e-01 8.586292658895189334e-01 8.659344065490021114e-01
2.159999999999999976e-01 8.705621088478548986e-01 8.555958739418298986e-01
2.179999999999999993e-01 8.824096397975141892e-01 8.466102583751908828e-01
2.200000000000000011e-01 8.941917877928817759e-01 8.392019299160553558e-01
2.220000000000000029e-01 9.059271993537336698e-01 8.335915442572664480e-01
2.240000000000000047e-01 9.176381230075771889e-01 8.300072859660668767e-01
2.260000000000000064e-01 9.293616434391495096e-01 8.287180979144050941e-01
2.280000000000000082e-01 9.411779649579402607e-01 8.301347671351446689e-01
2.300000000000000100e-01 9.533001590241764189e-01 8.351601307767827498e-01
2.320000000000000118e-01 9.665001795702399257e-01 8.468595685712652088e-01
2.340000000000000135e-01 9.871344308816831781e-01 8.882120784331639651e-01
2.360000000000000153e-01 9.652477581816925056e-01 7.492110798796705051e-01
2.380000000000000171e-01 9.886126507463617319e-01 8.191134281343628309e-01
2.399999999999999911e-01 1.892497508575967510e-03 8.395576733640928158e-01
2.419999999999999929e-01 1.391267384516200675e-02 8.551394530920054526e-01
2.439999999999999947e-01 2.563355224804262505e-02 8.699399350527939889e-01
2.459999999999999964e-01 3.736921243213799787e-02 8.849010850216412205e-01
2.479999999999999982e-01 4.929634248386615542e-02 9.002541881649560596e-01
2.500000000000000000e-01 6.155356834851954950e-02 9.159661124847523483e-01
2.520000000000000018e-01 7.427027394128965510e-02 9.318460035953972653e-01
2.540000000000000036e-01 8.757651457167886511e-02 9.475577544530142671e-01
2.560000000000000053e-01 1.016053452102626264e-01 9.625953016989911015e-01
2.580000000000000071e-01 1.164900224385804484e-01 9.762419317013044662e-01
2.600000000000000089e-01 1.323561218494059555e-01 9.875331826217416120e-01
2.620000000000000107e-01 1.493085923437562079e-01 9.952559176631226023e-01
2.640000000000000124e-01 1.674163229443218215e-01 9.980376443646081785e-01
2.660000000000000142e-01 1.867050804858294277e-01 9.946034357793934744e-01
2.680000000000000160e-01 2.071982377331734737e-01 9.843169556179925950e-01
2.700000000000000178e-01 2.292032824603310592e-01 9.684503788070737418e-01
2.720000000000000195e-01 2.562980186643268321e-01 9.578001247016607600e-01
2.740000000000000213e-01 2.528824037952683845e-01 8.464674194701328203e-01
2.760000000000000231e-01 2.799042248801197896e-01 8.365169454570825502e-01
2.780000000000000249e-01 3.018941673987621255e-01 8.110208224073242045e-01
2.800000000000000266e-01 3.210476924629959705e-01 7.819713875236362632e-01
2.820000000000000284e-01 3.385782034086486925e-01 7.556345826946831989e-01
2.840000000000000302e-01 3.546184721129300721e-01 7.345568924257710464e-01
2.860000000000000320e-01 3.695731528750873518e-01 7.181499669930957452e-01
2.880000000000000338e-01 3.835046552508270534e-01 7.068629887373797382e-01
2.899999999999999800e-01 3.966148140763517960e-01 7.002618935860455140e-01
2.919999999999999818e-01 4.091033168382034457e-01 6.979190672133718243e-01
2.939999999999999836e-01 4.211813724854893692e-01 6.995286999362219094e-01
2.959999999999999853e-01 4.331343333396932560e-01 7.052792790967907788e-01
2.979999999999999871e-01 4.517954744747687545e-01 7.472851279701149263e-01
2.999999999999999889e-01 4.556602328229982790e-01 7.198662411257499283e-01
