0.000000000000000000e+00 0.000000000000000000e+00 9.954767249723511791e-01
2.000000000000000042e-03 8.229153489590826224e-05 9.954817587033472082e-01
4.000000000000000083e-03 3.200629569428552787e-04 9.954962717457759291e-01
6.000000000000000125e-03 6.893288213732621681e-04 9.955187146479685945e-01
8.000000000000000167e-03 1.159190034128362726e-03 9.955470905472603160e-01
1.000000000000000021e-02 1.700228710058647322e-03 9.955794920609665200e-01
1.200000000000000025e-02 2.290149464513483238e-03 9.956144537547571005e-01
1.400000000000000029e-02 2.915972971878507108e-03 9.956510758734068434e-01
1.600000000000000033e-02 3.573782344383010998e-03 9.956889855387476285e-01
1.800000000000000211e-02 4.267342055943759531e-03 9.957282216671692332e-01
2.000000000000000042e-02 5.006456665688992919e-03 9.957691001779325202e-01
2.199999999999999872e-02 5.805378743634413523e-03 9.958120808168007265e-01
2.400000000000000050e-02 6.681212520345610958e-03 9.958576354465018543e-01
2.600000000000000228e-02 7.652133042971040987e-03 9.959061120894147079e-01
2.800000000000000058e-02 8.735306830572376474e-03 9.959575958230569848e-01
2.999999999999999889e-02 9.944600560393658181e-03 9.960117817446275668e-01
3.200000000000000067e-02 1.128841721765403219e-02 9.960678891832245307e-01
3.400000000000000244e-02 1.276818445226773728e-02 9.961246504655594247e-01
3.600000000000000422e-02 1.437801041885184913e-02 9.961803939743084646e-01
3.799999999999999906e-02 1.610576231579655820e-02 9.962332111041601879e-01
4.000000000000000083e-02 1.793539566434081481e-02 9.962811633390976640e-01
4.200000000000000261e-02 1.984996829087989564e-02 9.963224679657254335e-01
4.399999999999999745e-02 2.183460560992056196e-02 9.963556097185660709e-01
4.599999999999999922e-02 2.387880062971608347e-02 9.963793551323325559e-01
4.800000000000000100e-02 2.597773091864656950e-02 9.963926793358429679e-01
5.000000000000000278e-02 2.813258563188334241e-02 9.963946361756677028e-01
5.200000000000000455e-02 3.035009550959701097e-02 9.963842074727131681e-01
5.399999999999999939e-02 3.264152035810043845e-02 9.963601610696506405e-01
5.600000000000000117e-02 3.502131616566935002e-02 9.963209380236938140e-01
5.800000000000000294e-02 3.750564136394257675e-02 9.962645821347049235e-01
5.999999999999999778e-02 4.011081431711573803e-02 9.961887210788746838e-01
6.199999999999999956e-02 4.285181759759709025e-02 9.960906061477515783e-01
6.400000000000000133e-02 4.574095146208666945e-02 9.959672144484664758e-01
6.600000000000000311e-02 4.878675140676166921e-02 9.958154115063175826e-01
6.800000000000000488e-02 5.199328651421077085e-02 9.956321629486850622e-01
7.000000000000000666e-02 5.535993703822714856e-02 9.954147724466360092e-01
7.200000000000000844e-02 5.888170811375543351e-02 9.951611122781406360e-01
7.399999999999999634e-02 6.255007240932874968e-02 9.948698070784255387e-01
7.599999999999999811e-02 6.635425397681699033e-02 9.945403350396293529e-01
7.799999999999999989e-02 7.028278367031128016e-02 9.941730261367347499e-01
8.000000000000000167e-02 7.432509717145822925e-02 9.937689613594471449e-01
8.200000000000000344e-02 7.847293365056784431e-02 9.933298029701773668e-01
8.400000000000000522e-02 8.272133628434226449e-02 9.928576041692860343e-01
8.600000000000000699e-02 8.706914371992437174e-02 9.923546507190776911e-01
8.799999999999999489e-02 9.151896583760338322e-02 9.918233766309378918e-01
8.999999999999999667e-02 9.607672607760406325e-02 9.912663762275109036e-01
9.199999999999999845e-02 1.007509045148217985e-01 9.906865134430862252e-01
9.400000000000000022e-02 1.055516254477011084e-01 9.900871123160791543e-01
9.600000000000000200e-02 1.104897100254223496e-01 9.894722028190523488e-01
9.800000000000000377e-02 1.155757762239434938e-01 9.888467923179611319e-01
1.000000000000000056e-01 1.208194335507646738e-01 9.882171319653274555e-01
1.020000000000000073e-01 1.262286000750668657e-01 9.875909463786434195e-01
1.040000000000000091e-01 1.318089668652566160e-01 9.869775933176425653e-01
1.059999999999999970e-01 1.375636426581081928e-01 9.863881195702814964e-01
1.079999999999999988e-01 1.434930179102148484e-01 9.858351833038104806e-01
1.100000000000000006e-01 1.495948817673231068e-01 9.853328246094961163e-01
1.120000000000000023e-01 1.558648035305078006e-01 9.848960850509336229e-01
1.140000000000000041e-01 1.622967557142725170e-01 9.845405001402809386e-01
1.160000000000000059e-01 1.688839188261261337e-01 9.842815093471657395e-01
1.180000000000000077e-01 1.756195801252167787e-01 9.841338397254081327e-01
1.199999999999999956e-01 1.824980271676325538e-01 9.841109174682971528e-01
1.219999999999999973e-01 1.895153420677250233e-01 9.842243469103717501e-01
1.239999999999999991e-01 1.966700182694574583e-01 9.844834726256268542e-01
1.260000000000000009e-01 2.039633409971241818e-01 9.848950128990822117e-01
1.280000000000000027e-01 2.113994911392157727e-01 9.854627273393006259e-01
1.300000000000000044e-01 2.189853501427890814e-01 9.861870623339624720e-01
1.320000000000000062e-01 2.267300031533915905e-01 9.870647095195984599e-01
1.340000000000000080e-01 2.346439612940148522e-01 9.880880182474158779e-01
1.360000000000000098e-01 2.427381517257560795e-01 9.892442261817963045e-01
1.380000000000000115e-01 2.510227538379128376e-01 9.905145136310615772e-01
1.400000000000000133e-01 2.595059881213541142e-01 9.918729445179501614e-01
1.420000000000000151e-01 2.681929866570394450e-01 9.932854226242368023e-01
1.440000000000000169e-01 2.770848856024487050e-01 9.947088526177823020e-01
1.459999999999999909e-01 2.861782749322754338e-01 9.960907328052054366e-01
1.479999999999999927e-01 2.954651139514615221e-01 9.973694003209537806e-01
1.499999999999999944e-01 3.049331704374684815e-01 9.984750850398793620e-01
1.519999999999999962e-01 3.145669697197236436e-01 9.993318066000580480e-01
1.539999999999999980e-01 3.243491575049751718e-01 9.998599925147912959e-01
1.559999999999999998e-01 3.342621030935968296e-01 9.999795481251171347e-01
1.580000000000000016e-01 3.442895167244168775e-01 9.996130222336551130e-01
1.600000000000000033e-01 3.544178413280942852e-01 9.986885226560919815e-01
1.620000000000000051e-01 3.646372101614433481e-01 9.971421474555015596e-01
1.640000000000000069e-01 3.749418297545087375e-01 9.949198760782393958e-01
1.660000000000000087e-01 3.853297341785111851e-01 9.919790510971170372e-01
1.680000000000000104e-01 3.958019412443553597e-01 9.882897160583308249e-01
1.700000000000000122e-01 4.063611093940071584e-01 9.838361177314857153e-01
1.720000000000000140e-01 4.170098422795641135e-01 9.786186181899341197e-01
1.740000000000000158e-01 4.277488224003794248e-01 9.726561018275876602e-01
1.759999999999999898e-01 4.385749847038107885e-01 9.659887276747871621e-01
1.779999999999999916e-01 4.494799692566946447e-01 9.586806057088389510e-01
1.799999999999999933e-01 4.604491107658202353e-01 9.508217263605345249e-01
1.819999999999999951e-01 4.714612115917928281e-01 9.425283305401674916e-01
1.839999999999999969e-01 4.824892795691232972e-01 9.339409708654045073e-01
1.859999999999999987e-01 4.935022788527724247e-01 9.252198503290898213e-01
1.880000000000000004e-01 5.044677545122968620e-01 9.165376091360539768e-01
1.900000000000000022e-01 5.153549956455095726e-01 9.080704143529071404e-01
1.920000000000000040e-01 5.261382628632123026e-01 8.999887473145824490e-01
1.940000000000000058e-01 5.367995793143524041e-01 8.924494521091733690e-01
1.960000000000000075e-01 5.473306848009540371e-01 8.855903176653344699e-01
1.980000000000000093e-01 5.577339441977953172e-01 8.795278248537624632e-01
2.000000000000000111e-01 5.680222155918102089e-01 8.743579435964146107e-01
2.020000000000000129e-01 5.782178519639855629e-01 8.701592615111669593e-01
2.040000000000000147e-01 5.883510935550819720e-01 8.669974028141711475e-01
2.060000000000000164e-01 5.984581048173573947e-01 8.649296498534622124e-01
2.080000000000000182e-01 6.085788468086562597e-01 8.640088101495042583e-01
2.099999999999999922e-01 6.187548908516804502e-01 8.642855597554310876e-01
2.119999999999999940e-01 6.290272068150075668e-01 8.658086595460552370e-01
2.139999999999999958e-01 6.394339240783750711e-01 8.686225714016342359e-01
2.159999999999999976e-01 6.500080780796488877e-01 8.727621475859028699e-01
2.179999999999999993e-01 6.607754210533026695e-01 8.782443233713569386e-01
2.200000000000000011e-01 6.717524783069265260e-01 8.850572059117702839e-01
2.220000000000000029e-01 6.829451396842158850e-01 8.931476533388839067e-01
2.240000000000000047e-01 6.943481423082127346e-01 9.024092675833639277e-01
2.260000000000000064e-01 7.059457737445126169e-01 9.126733869612312366e-01
2.280000000000000082e-01 7.177139721266267980e-01 9.237057387966601807e-01
2.300000000000000100e-01 7.296237345960469023e-01 9.352105587159970090e-01
2.320000000000000118e-01 7.416454372311639398e-01 9.468422265191190901e-01
2.340000000000000135e-01 7.537534261548035630e-01 9.582223492032027057e-01
2.360000000000000153e-01 7.659301593753043980e-01 9.689586159594182346e-01
2.380000000000000171e-01 7.781693003883261017e-01 9.786613918253891375e-01
2.399999999999999911e-01 7.904774423578310172e-01 9.869550463406392415e-01
2.419999999999999929e-01 8.028744685219216803e-01 9.934829083527806359e-01
2.439999999999999947e-01 8.153928125068107269e-01 9.979066746835280055e-01
2.459999999999999964e-01 8.280759911271787788e-01 9.999024514406213981e-01
2.479999999999999982e-01 8.409767193120057938e-01 9.991562271722491673e-01
2.500000000000000000e-01 8.541547101971517231e-01 9.953617612593386177e-01
2.520000000000000018e-01 8.676739759447817946e-01 9.882240885861718338e-01
2.540000000000000036e-01 8.815991630623301045e-01 9.774724035552089241e-01
2.560000000000000053e-01 8.959902881964104671e-01 9.628868240775532161e-01
2.580000000000000071e-01 9.108953151330541065e-01 9.443435415946112022e-01
2.600000000000000089e-01 9.263404638107456401e-01 9.218804374677598279e-01
2.620000000000000107e-01 9.423190474318384746e-01 8.957784228170526664e-01
2.640000000000000124e-01 9.587809000870963771e-01 8.666419139804858451e-01
2.660000000000000142e-01 9.756256624156067758e-01 8.354483318543673986e-01
2.680000000000000160e-01 9.927035572340929814e-01 8.035302273916038462e-01
2.700000000000000178e-01 9.826010853334484277e-03 7.724655676286372730e-01
2.720000000000000195e-01 2.678546704844932472e-02 7.438846693163756463e-01
2.740000000000000213e-01 4.338018429256917247e-02 7.192418389984474025e-01
2.760000000000000231e-01 5.943772161642110058e-02 6.996204455365575559e-01
2.780000000000000249e-01 7.483156281379384211e-02 6.856266536183602822e-01
2.800000000000000266e-01 8.948839119600301983e-02 6.773890349256761478e-01
2.820000000000000284e-01 1.033869441480775447e-01 6.746435050258323685e-01
2.840000000000000302e-01 1.165513708162038420e-01 6.768635351463043737e-01
2.860000000000000320e-01 1.290421738581347122e-01 6.833959112409140335e-01
2.880000000000000338e-01 1.409468928500914042e-01 6.935740532047420803e-01
2.899999999999999800e-01 1.523716469094859305e-01 7.067953379721449991e-01
2.919999999999999818e-01 1.634339892578956510e-01 7.225608444803037766e-01
2.939999999999999836e-01 1.742572269865360068e-01 7.404834272795902672e-01
2.959999999999999853e-01 1.849662241519656469e-01 7.602729550446558626e-01
2.979999999999999871e-01 1.956845904838822592e-01 7.817070260596629128e-01
2.999999999999999889e-01 2.065330262323372135e-01 8.045930891723808154e-01
