0.000000000000000000e+00 0.000000000000000000e+00 1.000000000000016431e+00
2.000000000000000042e-03 1.154092644925453978e-04 9.999999963938275283e-01
4.000000000000000083e-03 4.493959085672413561e-04 9.999999448862015861e-01
6.000000000000000125e-03 9.696185578546871395e-04 9.999997403279996533e-01
8.000000000000000167e-03 1.634207579019677191e-03 9.999992513701715380e-01
1.000000000000000021e-02 2.403058321068378064e-03 9.999983546240724941e-01
1.200000000000000025e-02 3.245623603164587718e-03 9.999969476731341844e-01
1.400000000000000029e-02 4.144164164300077544e-03 9.999949403860658448e-01
1.600000000000000033e-02 5.093674160241262391e-03 9.999922333171138433e-01
1.800000000000000211e-02 6.100198329203752184e-03 9.999886915999682824e-01
2.000000000000000042e-02 7.178710978620475927e-03 9.999841183761194463e-01
2.199999999999999872e-02 8.350994610774497423e-03 9.999782284891564066e-01
2.400000000000000050e-02 9.643455612626933987e-03 9.999706225430928797e-01
2.600000000000000228e-02 1.108462433251010057e-02 9.999607630923079693e-01
2.800000000000000058e-02 1.270216427827951071e-02 9.999479577185659274e-01
2.999999999999999889e-02 1.451949027527313189e-02 9.999313567085877930e-01
3.200000000000000067e-02 1.655246238374082426e-02 9.999099740178599705e-01
3.400000000000000244e-02 1.880691659807684490e-02 9.998827368492200218e-01
3.600000000000000422e-02 2.127782719013655496e-02 9.998485603477687000e-01
3.799999999999999906e-02 2.395056580810889582e-02 9.998064317362199693e-01
4.000000000000000083e-02 2.680411726903177139e-02 9.997554787319008485e-01
4.200000000000000261e-02 2.981550285378054346e-02 9.996949971385393763e-01
4.399999999999999745e-02 3.296434435083144682e-02 9.996244242567957627e-01
4.599999999999999922e-02 3.623660004499166393e-02 9.995432629409923830e-01
4.800000000000000100e-02 3.962690477163595404e-02 9.994509765282459934e-01
5.000000000000000278e-02 4.313941030032317214e-02 9.993468811113475070e-01
5.200000000000000455e-02 4.678735141859346330e-02 9.992300588885658641e-01
5.399999999999999939e-02 5.059169188382656862e-02 9.990993093925157886e-01
5.600000000000000117e-02 5.457918187925535347e-02 9.989531492143588487e-01
5.800000000000000294e-02 5.878007602495963213e-02 9.987898675282650407e-01
5.999999999999999778e-02 6.322569140793352083e-02 9.986076434636633747e-01
6.199999999999999956e-02 6.794595943669888560e-02 9.984047297489738737e-01
6.400000000000000133e-02 7.296713776016816588e-02 9.981797026225684988e-01
6.600000000000000311e-02 7.830987443852122087e-02 9.979317692860919520e-01
6.800000000000000488e-02 8.398783046591824786e-02 9.976611113125460895e-01
7.000000000000000666e-02 9.000705108994609682e-02 9.973692276847394567e-01
7.200000000000000844e-02 9.636622156920442162e-02 9.970592291614652769e-01
7.399999999999999634e-02 1.030578451137089402e-01 9.967360327457003288e-01
7.599999999999999811e-02 1.100702449331260602e-01 9.964064165986447064e-01
7.799999999999999989e-02 1.173901412204217537e-01 9.960789224350231619e-01
8.000000000000000167e-02 1.250054292770291509e-01 9.957636270787046939e-01
8.200000000000000344e-02 1.329077332699501734e-01 9.954718337169889963e-01
8.400000000000000522e-02 1.410943573788707994e-01 9.952157424362715332e-01
8.600000000000000699e-02 1.495693909394340271e-01 9.950081421841002749e-01
8.799999999999999489e-02 1.583439015011163520e-01 9.948621268312776156e-01
8.999999999999999667e-02 1.674353128961883486e-01 9.947907890815030907e-01
9.199999999999999845e-02 1.768661713176426786e-01 9.948068016752997789e-01
9.400000000000000022e-02 1.866625355468069791e-01 9.949217654473427874e-01
9.600000000000000200e-02 1.968521998853794974e-01 9.951451926784091739e-01
9.800000000000000377e-02 2.074628991325246918e-01 9.954830035094213159e-01
1.000000000000000056e-01 2.185205862485114503e-01 9.959354462445693112e-01
1.020000000000000073e-01 2.300478379205863344e-01 9.964944163002650290e-01
1.040000000000000091e-01 2.420624376335317463e-01 9.971402524579122684e-01
1.059999999999999970e-01 2.545762005220766899e-01 9.978382373355804136e-01
1.079999999999999988e-01 2.675941204582348854e-01 9.985352120133785814e-01
1.100000000000000006e-01 2.811139189770752167e-01 9.991569016955216265e-01
1.120000000000000023e-01 2.951260481075203002e-01 9.996066885515973999e-01
1.140000000000000041e-01 3.096141483578029874e-01 9.997665988811181847e-01
1.160000000000000059e-01 3.245559034134026244e-01 9.995011461802604247e-01
1.180000000000000077e-01 3.399241828513462904e-01 9.986643757256421505e-01
1.199999999999999956e-01 3.556883366859533990e-01 9.971100226828371049e-01
1.219999999999999973e-01 3.718155038492566566e-01 9.947041992907628138e-01
1.239999999999999991e-01 3.882718147822362131e-01 9.913395644473874668e-01
1.260000000000000009e-01 4.050233975322748425e-01 9.869495932884454481e-01
1.280000000000000027e-01 4.220371317863008676e-01 9.815214170093904400e-01
1.300000000000000044e-01 4.392811351823368016e-01 9.751057603990292977e-01
1.320000000000000062e-01 4.567250106950971889e-01 9.678227381243497129e-01
1.340000000000000080e-01 4.743399286603055542e-01 9.598626270833668928e-01
1.360000000000000098e-01 4.920986532523055068e-01 9.514811588240909002e-01
1.380000000000000115e-01 5.099756408876877645e-01 9.429893398250358549e-01
1.400000000000000133e-01 5.279473307425912587e-01 9.347382911984618570e-01
1.420000000000000151e-01 5.459927162879308904e-01 9.271000827475623929e-01
1.440000000000000169e-01 5.640942402743337469e-01 9.204459779503331163e-01
1.459999999999999909e-01 5.822390098041141382e-01 9.151238463647956012e-01
1.479999999999999927e-01 6.004203055286702062e-01 9.114366897522607758e-01
1.499999999999999944e-01 6.186393941178883749e-01 9.096242868994990349e-01
1.519999999999999962e-01 6.369078154224615540e-01 9.098500686217101396e-01
1.539999999999999980e-01 6.552507947183199288e-01 9.121960543634032303e-01
1.559999999999999998e-01 6.737138738712509234e-01 9.166718123577031196e-01
1.580000000000000016e-01 6.923799880863289458e-01 9.232560204514236313e-01
1.600000000000000033e-01 7.114281251548189022e-01 9.320489795701565328e-01
1.620000000000000051e-01 7.314390312553378237e-01 9.440355471997992076e-01
1.640000000000000069e-01 7.580249986196371248e-01 9.708279719458987600e-01
1.660000000000000087e-01 7.583129844023952515e-01 9.292334122161767240e-01
1.680000000000000104e-01 7.830150695047467524e-01 9.544326271523619898e-01
1.700000000000000122e-01 8.043324328533332235e-01 9.659219340708260493e-01
1.720000000000000140e-01 8.257854811208350521e-01 9.739523478594009909e-01
1.740000000000000158e-01 8.481921039357882552e-01 9.791195986393022022e-01
1.759999999999999898e-01 8.724957729222169167e-01 9.806238380962748469e-01
1.779999999999999916e-01 9.007324829402628685e-01 9.749139177102176257e-01
1.799999999999999933e-01 9.389599845816207768e-01 9.427112363981585696e-01
1.819999999999999951e-01 1.366083176524047690e-02 7.226039139363116259e-01
1.839999999999999969e-01 7.182293929580920722e-01 1.321785183333574858e-02
1.859999999999999987e-01 8.532298239579079180e-01 5.275390656751214324e-01
1.880000000000000004e-01 9.033572351961580704e-01 6.914165016433257982e-01
1.900000000000000022e-01 9.338492864709387886e-01 7.370795188617206284e-01
1.920000000000000040e-01 9.574366156451000753e-01 7.481501275299670128e-01
1.940000000000000058e-01 9.776734321960479646e-01 7.457589835219852192e-01
1.960000000000000075e-01 9.959252255476552795e-01 7.373246496115147819e-01
1.980000000000000093e-01 1.284651289730213281e-02 7.261138917133657111e-01
2.000000000000000111e-01 2.881218977915453797e-02 7.137829210509576416e-01
2.020000000000000129e-01 4.407291289735480733e-02 7.012334564677383808e-01
2.040000000000000147e-01 5.882006373162147750e-02 6.889551922602098477e-01
2.060000000000000164e-01 7.321679425318100565e-02 6.771781518702247871e-01
2.080000000000000182e-01 8.741575130355923318e-02 6.659389869021128394e-01
2.099999999999999922e-01 1.015725095507976489e-01 6.550960579893728708e-01
2.119999999999999940e-01 1.158601003944451507e-01 6.442997152927718574e-01
2.139999999999999958e-01 1.304900586829640385e-01 6.329039670864637923e-01
2.159999999999999976e-01 1.457489582436884701e-01 6.197759216779281655e-01
2.179999999999999993e-01 1.620698839713395623e-01 6.028924738168939257e-01
2.200000000000000011e-01 1.801879297098715749e-01 5.784333133665561233e-01
2.220000000000000029e-01 2.015218525541020433e-01 5.385315519276423490e-01
2.240000000000000047e-01 2.292644499745624675e-01 4.650550003727389470e-01
2.260000000000000064e-01 2.721314639586387973e-01 3.126067250094715089e-01
2.280000000000000082e-01 3.580750265004671307e-01 3.634278416334833089e-02
2.300000000000000100e-01 2.467295695268735892e-02 2.854040766372156757e-01
2.320000000000000118e-01 9.696465963589576131e-02 9.256898257592943713e-01
2.340000000000000135e-01 1.579284216888186820e-01 9.580067965680493236e-01
2.360000000000000153e-01 1.925014264524084473e-01 9.578929156112432342e-01
2.380000000000000171e-01 2.205009904386130148e-01 9.490980471634723470e-01
2.399999999999999911e-01 2.551031858632811233e-01 9.099636780647766265e-01
2.419999999999999929e-01 1.230134675898757468e-01 6.119082586592335948e-01
2.439999999999999947e-01 2.398224253617416979e-01 9.896435466715668428e-01
2.459999999999999964e-01 2.649579427505973639e-01 9.940394879308807052e-01
2.479999999999999982e-01 2.839054343755001986e-01 9.953105508759791942e-01
2.500000000000000000e-01 3.012926865403835475e-01 9.948625399287956972e-01
2.520000000000000018e-01 3.184901836706146017e-01 9.914224893376984982e-01
2.540000000000000036e-01 3.367296739154528873e-01 9.824161313525839878e-01
2.560000000000000053e-01 3.616820056945826978e-01 9.519232773351681276e-01
2.580000000000000071e-01 3.394993134056638606e-01 9.961297177915235945e-01
2.600000000000000089e-01 3.747102087957104866e-01 9.668794707060754945e-01
2.620000000000000107e-01 3.952699939323617850e-01 9.400171216715056399e-01
2.640000000000000124e-01 4.148768480708260320e-01 9.096785693502275061e-01
2.660000000000000142e-01 4.348395749639653585e-01 8.740395886643312906e-01
2.680000000000000160e-01 4.558721370208014823e-01 8.315436778650611149e-01
2.700000000000000178e-01 4.797775433408988377e-01 7.754467263461415349e-01
2.720000000000000195e-01 5.221003102019469155e-01 6.250646262667444164e-01
2.740000000000000213e-01 4.832229467688198277e-01 9.064145658366216107e-01
2.760000000000000231e-01 5.008072318920619992e-01 7.155711964352029497e-01
2.780000000000000249e-01 5.294733562256551673e-01 7.024318124700663635e-01
2.800000000000000266e-01 5.496793552566029417e-01 6.807392220727144228e-01
2.820000000000000284e-01 5.676059298677582632e-01 6.658428526424258198e-01
2.840000000000000302e-01 5.842675117372021498e-01 6.582898174180155104e-01
2.860000000000000320e-01 6.000692764707469262e-01 6.577233924483483207e-01
2.880000000000000338e-01 6.152753561133498250e-01 6.636204898158635235e-01
2.899999999999999800e-01 6.301151747071570552e-01 6.754540679610820941e-01
2.919999999999999818e-01 6.448184562287394561e-01 6.927502645131546899e-01
2.939999999999999836e-01 6.596546333176789290e-01 7.149587769270260296e-01
2.959999999999999853e-01 6.740131990761483172e-01 7.464536472645971754e-01
2.979999999999999871e-01 6.901926739027103297e-01 7.758625330151163180e-01
2.999999999999999889e-01 7.067527690946669994e-01 8.120478955571932556e-01
